000000110: 1 56 41
000000110: 1 56 40
000000110: 1 56 29
000000110: 1 56 26
000000110: 1 56 16
000000110: 1 56 10
000000110: 1 56 2
000000110: 1 41 40
000000110: 1 41 29
000000110: 1 41 26
000000110: 1 41 16
000000110: 1 41 10
000000110: 1 41 2
000000110: 1 40 29
000000110: 1 40 26
000000110: 1 40 16
000000110: 1 40 10
000000110: 1 40 2
000100010: 1 29 27
000000110: 1 29 26
000000110: 1 29 16
000000110: 1 29 10
000000110: 1 29 2
000100010: 1 26 27
000100100: 1 26 5
000000110: 1 26 16
000000110: 1 26 10
000000110: 1 26 2
000100010: 1 16 19
000100100: 1 16 3
000000110: 1 16 10
000000110: 1 16 2
000100100: 1 10 5
000000110: 1 10 2
000100010: 3 45 30
000100010: 3 45 17
000100100: 3 45 5
000100010: 3 45 39
000000110: 3 45 16
000100010: 3 45 7
000000110: 3 45 4
000100010: 3 39 16
000100100: 3 39 7
000100010: 3 39 4
000100010: 3 16 19
000100010: 3 16 7
000000110: 3 16 4
000100010: 3 7 6
000100010: 3 7 4
000100010: 3 4 42
000100010: 3 4 30
000000110: 4 42 30
000100100: 4 30 45
000100010: 4 30 27
000100100: 5 53 52
000100010: 5 53 45
000100100: 5 53 31
000100010: 5 53 26
000100100: 5 53 12
000100010: 5 53 10
000100010: 5 52 45
000100100: 5 52 31
000100010: 5 52 26
000100100: 5 52 12
000100010: 5 52 10
000100010: 5 45 30
000100010: 5 45 17
000100010: 5 45 31
000000110: 5 45 26
000100010: 5 45 12
000000110: 5 45 10
000100010: 5 31 11
000100010: 5 31 26
000100100: 5 31 12
000100010: 5 31 10
000100010: 5 26 27
000100010: 5 26 12
000000110: 5 26 10
000100010: 5 12 11
000100010: 5 12 10
000000110: 6 36 35
000000110: 6 36 7
000100010: 6 35 62
000000110: 6 35 7
000100100: 9 61 65
000000110: 11 34 31
000000110: 11 34 12
000000110: 11 31 12
000100010: 15 18 55
000100100: 15 18 19
000100100: 15 18 17
000100010: 16 19 18
000100010: 17 55 45
000100110: 17 55 18
000000110: 17 45 30
000100010: 17 45 18
000100100: 17 18 19
000100010: 18 55 19
000100100: 26 27 30
000100100: 26 27 29
000100100: 26 27 28
000100010: 27 30 45
000100100: 27 30 29
000100100: 27 30 28
000100100: 27 29 28
000100010: 32 33 44
000100010: 33 44 46
000100100: 35 62 63
000100100: 44 46 48
000100100: 44 46 47
000100100: 46 48 47
