,Gene A,Gene B,Activation/Repression,delta
0,1,2,1,0
1,3,2,1,0
2,4,5,1,0
3,6,7,1,0
4,8,9,1,0
5,10,9,1,0
6,11,12,1,0
7,13,14,1,0
8,15,14,1,0
9,16,17,1,0
10,18,17,1,0
11,6,19,1,0
12,6,20,1,0
13,6,21,1,0
14,6,1,1,0
15,22,23,1,0
16,24,23,1,0
17,6,25,1,0
18,26,27,1,0
19,28,29,1,0
20,6,30,1,0
21,31,32,1,0
22,6,33,1,0
23,6,34,1,0
24,35,36,1,0
25,37,38,1,0
26,21,38,1,0
27,17,39,1,0
28,40,39,1,0
29,41,42,1,0
30,43,44,1,0
31,45,44,1,0
32,2,44,1,0
33,46,44,1,0
34,22,47,1,0
35,24,47,1,0
36,48,47,1,0
37,26,47,1,0
38,49,50,1,0
39,51,24,1,0
40,6,52,1,0
41,53,54,1,0
42,55,54,1,0
43,40,54,1,0
44,22,56,1,0
45,50,56,1,0
46,57,58,1,0
47,59,58,1,0
48,6,60,1,0
49,61,62,1,0
50,18,62,1,0
51,63,64,1,0
52,65,64,1,0
53,29,64,1,0
54,66,64,1,0
55,67,68,1,0
56,43,68,1,0
57,45,68,1,0
58,46,68,1,0
59,26,69,1,0
60,70,71,1,0
61,6,72,1,0
62,73,74,1,0
63,75,74,1,0
64,6,76,1,0
65,77,78,1,0
66,4,79,1,0
67,22,80,1,0
68,26,81,1,0
69,6,82,1,0
70,83,84,1,0
71,78,84,1,0
72,85,84,1,0
73,22,84,1,0
74,86,84,1,0
75,24,84,1,0
76,26,84,1,0
77,87,84,1,0
78,48,88,1,0
79,89,90,1,0
80,25,90,1,0
81,91,90,1,0
82,92,90,1,0
83,93,90,1,0
84,94,90,1,0
85,72,90,1,0
86,95,96,1,0
87,89,97,1,0
88,98,97,1,0
89,37,99,1,0
90,6,100,1,0
91,68,101,1,0
92,73,101,1,0
93,102,103,1,0
94,73,104,1,0
95,105,104,1,0
96,106,107,1,0
97,6,108,1,0
98,6,109,1,0
99,110,111,1,0
100,112,113,1,0
101,114,113,1,0
102,115,65,1,0
103,101,116,1,0
104,106,117,1,0
105,6,46,1,0
106,118,119,1,0
107,120,121,1,0
108,122,123,1,0
109,124,125,1,0
110,53,125,1,0
111,126,127,1,0
112,6,128,1,0
113,129,66,1,0
114,130,66,1,0
115,6,131,1,0
116,120,132,1,0
117,22,133,1,0
118,134,135,1,0
119,136,135,1,0
120,137,135,1,0
121,138,139,1,0
122,89,139,1,0
123,140,139,1,0
124,25,141,1,0
125,142,141,1,0
126,143,144,1,0
127,36,144,1,0
128,145,146,1,0
129,111,146,1,0
130,6,147,1,0
131,98,148,1,0
132,73,148,1,0
133,42,87,1,0
134,71,105,1,0
135,149,105,1,0
136,109,105,1,0
137,43,105,1,0
138,45,105,1,0
139,46,105,1,0
140,110,150,1,0
141,151,152,1,0
142,132,152,1,0
143,6,153,1,0
144,104,154,1,0
145,101,154,1,0
146,155,154,1,0
147,148,154,1,0
148,156,154,1,0
149,157,154,1,0
150,74,154,1,0
151,158,154,1,0
152,93,154,1,0
153,159,154,1,0
154,6,160,1,0
155,120,161,1,0
156,162,161,1,0
157,118,163,1,0
158,6,164,1,0
159,131,165,1,0
160,166,165,1,0
161,167,165,1,0
162,6,168,1,0
163,6,169,1,0
164,6,170,1,0
165,147,171,1,0
166,36,171,1,0
167,108,130,1,0
168,172,130,1,0
169,6,173,1,0
170,174,175,1,0
171,173,175,1,0
172,6,157,1,0
173,162,126,1,0
174,170,176,1,0
175,177,176,1,0
176,135,37,1,0
177,178,37,1,0
178,179,180,1,0
179,26,181,1,0
180,118,182,1,0
181,22,183,1,0
182,50,183,1,0
183,143,51,1,0
184,184,51,1,0
185,185,22,1,0
186,96,129,1,0
187,128,129,1,0
188,73,156,1,0
189,186,156,1,0
190,134,11,1,0
191,187,11,1,0
192,146,11,1,0
193,125,11,1,0
194,188,189,1,0
195,48,189,1,0
196,6,89,1,0
197,6,190,1,0
198,191,179,1,0
199,83,192,1,0
200,78,192,1,0
201,22,192,1,0
202,188,192,1,0
203,50,192,1,0
204,193,192,1,0
205,24,192,1,0
206,194,192,1,0
207,48,192,1,0
208,62,195,1,0
209,6,196,1,0
210,197,198,1,0
211,60,198,1,0
212,139,41,1,0
213,179,199,1,0
214,6,15,1,0
215,26,200,1,0
216,26,201,1,0
217,202,203,1,0
218,83,204,1,0
219,78,204,1,0
220,24,204,1,0
221,194,204,1,0
222,205,206,1,0
223,190,206,1,0
224,207,208,1,0
225,6,209,1,0
226,122,210,1,0
227,6,211,1,0
228,212,35,1,0
229,196,35,1,0
230,213,35,1,0
231,209,35,1,0
232,176,112,1,0
233,214,215,1,0
234,216,215,1,0
235,6,217,1,0
236,118,218,1,0
237,122,219,1,0
238,118,220,1,0
239,6,91,1,0
240,211,75,1,0
241,43,75,1,0
242,45,75,1,0
243,165,75,1,0
244,46,75,1,0
245,73,221,1,0
246,222,221,1,0
247,45,221,1,0
248,106,221,2,0
249,223,61,1,0
250,217,61,1,0
251,6,16,1,0
252,111,95,1,0
253,150,95,1,0
254,224,140,1,0
255,82,140,1,0
256,160,140,1,0
257,122,225,1,0
258,6,151,1,0
259,118,226,1,0
260,117,227,1,0
261,52,202,1,0
262,228,202,1,0
263,229,202,1,0
264,230,202,1,0
265,76,202,1,0
266,168,202,1,0
267,6,231,1,0
268,6,232,1,0
269,233,194,1,0
270,234,194,1,0
271,118,235,1,0
272,22,236,1,0
273,50,236,1,0
274,106,237,1,0
275,22,238,1,0
276,50,238,1,0
277,239,191,1,0
278,6,240,1,0
279,6,214,1,0
280,6,241,1,0
281,242,243,1,0
282,244,243,1,0
283,6,245,1,0
284,6,246,1,0
285,22,247,1,0
286,162,248,1,0
287,6,167,1,0
288,135,31,1,0
289,249,31,1,0
290,6,250,1,0
291,251,252,1,0
292,63,253,1,0
293,254,185,1,0
294,255,256,1,0
295,219,256,1,0
296,6,257,1,0
297,6,55,1,0
298,78,258,1,0
299,4,258,1,0
300,22,258,1,0
301,24,258,1,0
302,26,258,1,0
303,164,137,1,0
304,253,137,1,0
305,6,136,1,0
306,83,259,1,0
307,78,259,1,0
308,24,259,1,0
309,194,259,1,0
310,260,261,1,0
311,172,261,1,0
312,262,263,1,0
313,41,263,1,0
314,179,264,1,0
315,6,233,1,0
316,203,184,1,0
317,36,184,1,0
318,265,187,1,0
319,266,4,1,0
320,73,267,1,0
321,67,267,1,0
322,45,267,1,0
323,106,267,2,0
324,268,92,1,0
325,269,92,1,0
326,270,92,1,0
327,208,92,1,0
328,271,92,1,0
329,207,271,1,0
330,90,118,1,0
331,272,273,1,0
332,274,275,2,0
333,276,275,2,0
334,6,149,1,0
335,6,10,1,0
336,22,277,1,0
337,26,277,1,0
338,6,251,1,0
339,6,278,1,0
340,123,279,1,0
341,280,279,1,0
342,281,254,1,0
343,273,254,1,0
344,282,254,1,0
345,6,188,1,0
346,283,115,1,0
347,12,115,1,0
348,172,115,1,0
349,6,57,1,0
350,98,174,1,0
351,55,174,1,0
352,188,284,1,0
353,48,284,1,0
354,144,86,1,0
355,6,260,1,0
356,210,285,1,0
357,135,285,1,0
358,280,285,1,0
359,225,285,1,0
360,6,286,1,0
361,287,288,1,0
362,152,289,1,0
363,43,289,1,0
364,45,289,1,0
365,46,289,1,0
366,290,134,1,0
367,197,134,1,0
368,100,134,1,0
369,198,134,1,0
370,243,134,1,0
371,179,291,1,0
372,22,291,1,0
373,122,280,1,0
374,292,63,1,0
375,261,63,1,0
376,293,8,1,0
377,257,8,1,0
378,6,193,1,0
379,6,45,1,0
380,242,197,1,0
381,215,197,1,0
382,7,197,1,0
383,278,197,1,0
384,26,294,1,0
385,126,295,1,0
386,296,295,1,0
387,33,13,1,0
388,141,13,1,0
389,297,13,1,0
390,22,298,1,0
391,50,298,1,0
392,6,283,1,0
393,6,124,1,0
394,242,290,1,0
395,206,290,1,0
396,267,106,1,0
397,162,106,1,0
398,221,106,1,0
399,34,244,1,0
400,205,244,1,0
401,22,299,1,0
402,270,300,1,0
403,297,300,1,0
404,6,114,1,0
405,179,301,1,0
406,86,301,1,0
407,6,234,1,0
408,73,159,1,0
409,44,159,1,0
410,121,224,1,0
411,48,302,1,0
412,23,28,1,0
413,127,239,1,0
414,232,239,1,0
415,300,177,1,0
416,15,177,1,0
417,242,53,1,0
418,286,53,1,0
419,195,53,1,0
420,6,93,1,0
421,6,143,1,0
422,252,303,1,0
423,169,303,1,0
424,210,274,1,0
425,135,274,1,0
426,304,274,1,0
427,280,274,1,0
428,122,178,1,0
429,4,305,1,0
430,6,43,1,0
431,171,266,1,0
432,6,297,1,0
433,107,26,1,0
434,228,306,1,0
435,120,70,1,0
436,32,292,1,0
437,99,292,1,0
438,307,292,1,0
439,175,270,1,0
440,25,270,1,0
441,91,270,1,0
442,154,270,1,0
443,19,270,1,0
444,272,282,1,0
445,122,304,1,0
446,6,138,1,0
447,122,255,1,0
448,245,222,1,0
449,248,222,1,0
450,58,308,1,0
451,231,308,1,0
452,134,309,1,0
453,288,309,1,0
454,252,309,1,0
455,146,309,1,0
456,122,310,1,0
457,6,311,1,0
458,246,67,1,0
459,161,67,1,0
460,6,40,1,0
461,222,186,1,0
462,43,186,1,0
463,45,186,1,0
464,46,186,1,0
465,118,312,1,0
466,118,313,1,0
467,6,314,1,0
468,73,158,1,0
469,289,158,1,0
470,207,269,1,0
471,92,269,1,0
472,6,212,1,0
473,6,296,1,0
474,263,83,1,0
475,262,77,1,0
476,120,166,1,0
477,135,276,1,0
478,310,276,1,0
479,309,315,1,0
480,26,315,1,0
481,6,94,1,0
482,309,172,1,0
483,237,85,1,0
484,54,268,1,0
485,25,268,1,0
486,91,268,1,0
487,19,268,1,0
488,122,249,1,0
489,170,102,1,0
490,14,102,1,0
491,39,142,1,0
492,308,142,1,0
493,9,142,1,0
494,285,145,1,0
495,20,145,1,0
496,295,98,1,0
497,82,98,1,0
498,160,98,1,0
499,179,316,1,0
500,26,317,1,0
501,230,318,1,0
502,118,319,1,0
503,272,281,1,0
504,6,229,1,0
505,6,73,1,0
506,118,320,1,0
507,6,155,1,0
508,6,242,1,0
509,22,48,1,0
510,50,48,1,0
511,6,223,1,0
512,62,223,1,0
513,97,262,1,0
514,139,262,1,0
515,6,307,1,0
516,22,321,1,0
