000100100: 1 17 16
000100100: 1 17 6
000100100: 1 17 5
000100110: 1 17 9
000000110: 1 17 2
000100100: 1 9 5
000100110: 1 9 2
000100010: 1 2 3
000100010: 2 9 17
000100100: 2 9 5
000000110: 2 9 3
000100100: 4 42 6
000100110: 4 42 5
000100010: 4 5 17
000100010: 4 5 9
000100010: 4 5 6
000000110: 5 42 17
000000110: 5 42 9
000100110: 5 42 6
000100100: 5 17 16
000100110: 5 17 9
000100110: 5 17 6
000000110: 5 9 6
000100010: 5 6 28
000100010: 5 6 7
000000110: 6 42 28
000000110: 6 42 17
000000110: 6 42 7
000100010: 6 28 29
000100100: 6 28 22
000100100: 6 28 8
000000110: 6 28 17
000100110: 6 28 7
000100100: 6 17 16
000100100: 6 17 9
000000110: 6 17 7
000100010: 6 7 44
000100010: 6 7 16
000100010: 6 7 8
000100100: 7 44 43
000000110: 7 44 28
000000110: 7 44 16
000000110: 7 44 8
000100010: 7 28 29
000100100: 7 28 22
000000110: 7 28 16
000100110: 7 28 8
000100010: 7 16 32
000100010: 7 16 18
000100010: 7 16 17
000100100: 7 16 15
000100100: 7 16 14
000100100: 7 16 13
000100110: 7 16 8
000100010: 7 8 19
000100010: 7 8 18
000100010: 7 8 14
000100010: 7 8 11
000100010: 7 8 10
000100010: 8 28 29
000100100: 8 28 22
000000110: 8 28 19
000000110: 8 28 18
000000110: 8 28 16
000000110: 8 28 14
000000110: 8 28 11
000000110: 8 28 10
000100010: 8 19 43
000100110: 8 19 18
000000110: 8 19 16
000000110: 8 19 14
000000110: 8 19 11
000000110: 8 19 10
000100100: 8 18 13
000100100: 8 18 12
000100110: 8 18 16
000100110: 8 18 14
000100110: 8 18 11
000100110: 8 18 10
000100010: 8 16 32
000100010: 8 16 17
000100100: 8 16 15
000100100: 8 16 13
000100110: 8 16 14
000000110: 8 16 11
000000110: 8 16 10
000100010: 8 14 36
000100010: 8 14 15
000100100: 8 14 13
000100100: 8 14 12
000000110: 8 14 11
000100110: 8 14 10
000100110: 8 11 10
000100010: 8 10 13
000100010: 8 10 12
000100100: 9 17 16
000100010: 10 18 19
000100100: 10 18 16
000100110: 10 18 14
000100110: 10 18 13
000100110: 10 18 12
000100110: 10 18 11
000100010: 10 14 36
000100010: 10 14 16
000100010: 10 14 15
000100110: 10 14 13
000100110: 10 14 12
000000110: 10 14 11
000100010: 10 13 32
000100010: 10 13 16
000100010: 10 13 15
000100110: 10 13 12
000000110: 10 13 11
000000110: 10 12 11
000100010: 11 18 19
000100100: 11 18 16
000100100: 11 18 14
000100100: 11 18 13
000100100: 11 18 12
000100010: 12 18 19
000100100: 12 18 16
000100110: 12 18 14
000100110: 12 18 13
000100010: 12 14 36
000100010: 12 14 16
000100010: 12 14 15
000100110: 12 14 13
000100010: 12 13 32
000100010: 12 13 16
000100010: 12 13 15
000100010: 13 32 85
000100010: 13 32 36
000100100: 13 32 30
000100100: 13 32 26
000000110: 13 32 18
000100110: 13 32 16
000000110: 13 32 15
000000110: 13 32 14
000100010: 13 18 19
000100110: 13 18 16
000000110: 13 18 15
000100110: 13 18 14
000100010: 13 16 17
000100110: 13 16 15
000100110: 13 16 14
000100010: 13 15 37
000100010: 13 15 36
000100110: 13 15 14
000100010: 13 14 36
000100100: 14 36 35
000100100: 14 36 33
000100100: 14 36 32
000000110: 14 36 18
000000110: 14 36 16
000100110: 14 36 15
000100010: 14 18 19
000100110: 14 18 16
000000110: 14 18 15
000100010: 14 16 32
000100010: 14 16 17
000100110: 14 16 15
000100010: 14 15 37
000100010: 15 37 38
000000110: 15 37 36
000000110: 15 37 16
000100100: 15 36 35
000100100: 15 36 33
000100100: 15 36 32
000000110: 15 36 16
000100010: 15 16 32
000100010: 15 16 18
000100010: 15 16 17
000100010: 16 32 85
000100010: 16 32 36
000100100: 16 32 30
000100100: 16 32 26
000000110: 16 32 18
000000110: 16 32 17
000100010: 16 18 19
000000110: 16 18 17
000100010: 18 19 43
000100010: 19 43 44
000100010: 20 21 22
000100010: 21 22 29
000100010: 21 22 28
000100010: 21 22 27
000100010: 22 29 85
000100110: 22 29 28
000000110: 22 29 27
000000110: 22 28 27
000100010: 22 27 30
000100100: 22 27 26
000100100: 22 27 23
000100010: 23 39 47
000100010: 23 39 41
000100010: 23 39 40
000000110: 23 39 31
000000110: 23 39 27
000000110: 23 39 26
000000110: 23 39 25
000100110: 23 39 24
000100100: 23 31 30
000000110: 23 31 27
000100110: 23 31 26
000100110: 23 31 25
000100110: 23 31 24
000100010: 23 27 30
000100110: 23 27 26
000000110: 23 27 25
000000110: 23 27 24
000100010: 23 26 32
000100010: 23 26 30
000100110: 23 26 25
000000110: 23 26 24
000100110: 23 25 24
000100010: 24 39 47
000100010: 24 39 41
000100010: 24 39 40
000000110: 24 39 31
000000110: 24 39 25
000100100: 24 31 30
000100100: 24 31 26
000100110: 24 31 25
000100010: 24 25 26
000100100: 25 31 30
000100110: 25 31 26
000100010: 25 26 32
000100010: 25 26 30
000100010: 25 26 27
000100010: 26 32 85
000100010: 26 32 36
000000110: 26 32 31
000100110: 26 32 30
000000110: 26 32 27
000100110: 26 31 30
000000110: 26 31 27
000100010: 26 30 33
000100110: 26 30 27
000100010: 27 30 33
000100010: 27 30 32
000100010: 27 30 31
000100010: 28 29 85
000100100: 29 85 32
000100010: 30 33 36
000000110: 30 33 32
000000110: 30 33 31
000100010: 30 32 85
000100010: 30 32 36
000000110: 30 32 31
000000110: 32 85 36
000100100: 32 36 35
000100100: 32 36 33
000100100: 33 36 35
000100100: 35 82 66
000100100: 35 82 64
000100100: 35 82 63
000000110: 35 82 36
000100010: 39 47 48
000000110: 39 47 41
000000110: 39 47 40
000100110: 39 41 40
000100010: 39 40 48
000100010: 39 40 46
000100100: 40 48 47
000000110: 40 48 46
000000110: 40 48 41
000100100: 40 46 45
000000110: 40 46 41
000100100: 50 67 66
000100100: 50 67 60
000100100: 50 67 56
000100100: 50 67 55
000100110: 50 67 59
000000110: 50 67 51
000100100: 50 59 55
000100110: 50 59 51
000100010: 50 51 52
000100010: 51 59 67
000100100: 51 59 55
000000110: 51 59 52
000100010: 51 52 53
000100010: 52 53 99
000100010: 52 53 93
000000110: 53 99 93
000100100: 53 93 69
000100100: 54 92 56
000100110: 54 92 55
000100010: 54 55 67
000100010: 54 55 59
000100010: 54 55 56
000000110: 55 92 67
000000110: 55 92 59
000100110: 55 92 56
000100100: 55 67 66
000100100: 55 67 60
000100110: 55 67 59
000100110: 55 67 56
000000110: 55 59 56
000100010: 55 56 78
000100010: 55 56 58
000000110: 56 92 78
000000110: 56 92 67
000000110: 56 92 58
000100100: 56 78 57
000000110: 56 78 67
000100110: 56 78 58
000100100: 56 67 66
000100100: 56 67 60
000100100: 56 67 59
000000110: 56 67 58
000100010: 56 58 69
000100010: 56 58 68
000100010: 56 58 66
000100010: 56 58 64
000100010: 56 58 61
000100010: 56 58 60
000000110: 57 94 78
000000110: 57 94 66
000100100: 57 78 58
000000110: 57 78 66
000100010: 57 66 87
000100010: 57 66 83
000100010: 57 66 82
000100010: 57 66 68
000100010: 57 66 67
000100100: 57 66 64
000100100: 57 66 63
000100100: 57 66 58
000000110: 58 78 69
000000110: 58 78 68
000000110: 58 78 66
000000110: 58 78 64
000000110: 58 78 61
000000110: 58 78 60
000100010: 58 69 93
000100010: 58 69 70
000100110: 58 69 68
000000110: 58 69 66
000000110: 58 69 64
000000110: 58 69 61
000000110: 58 69 60
000100100: 58 68 62
000100110: 58 68 66
000100110: 58 68 64
000100110: 58 68 61
000100110: 58 68 60
000100010: 58 66 87
000100010: 58 66 83
000100010: 58 66 82
000100010: 58 66 67
000100100: 58 66 63
000100110: 58 66 64
000000110: 58 66 61
000000110: 58 66 60
000100010: 58 64 86
000100010: 58 64 82
000100010: 58 64 65
000000110: 58 64 61
000100110: 58 64 60
000100010: 58 61 62
000000110: 58 61 60
000100010: 58 60 67
000100010: 58 60 62
000100100: 59 67 66
000100100: 59 67 60
000100010: 60 68 69
000100100: 60 68 66
000100100: 60 68 61
000000110: 60 68 67
000100110: 60 68 64
000100110: 60 68 62
000100100: 60 67 66
000000110: 60 67 64
000000110: 60 67 62
000100010: 60 64 86
000100010: 60 64 82
000100010: 60 64 66
000100010: 60 64 65
000000110: 60 64 62
000100010: 60 62 63
000100100: 60 62 61
000100010: 61 68 69
000100100: 61 68 66
000100100: 61 68 64
000100110: 61 68 62
000100010: 61 62 63
000100010: 62 68 69
000100100: 62 68 66
000100100: 62 68 64
000000110: 62 68 63
000100010: 62 63 82
000100010: 62 63 66
000100010: 62 63 65
000100100: 63 82 64
000100110: 63 82 66
000000110: 63 82 65
000100010: 63 66 87
000100010: 63 66 83
000100010: 63 66 68
000100010: 63 66 67
000100100: 63 66 64
000000110: 63 66 65
000100010: 63 65 87
000100010: 63 65 86
000100100: 63 65 64
000000110: 64 86 82
000000110: 64 86 68
000000110: 64 86 66
000100110: 64 86 65
000000110: 64 82 68
000100110: 64 82 66
000000110: 64 82 65
000100010: 64 68 69
000100110: 64 68 66
000000110: 64 68 65
000100010: 64 66 87
000100010: 64 66 83
000100010: 64 66 67
000000110: 64 66 65
000100010: 64 65 87
000100100: 65 87 66
000000110: 65 87 86
000000110: 66 87 83
000000110: 66 87 82
000000110: 66 87 68
000000110: 66 87 67
000000110: 66 83 82
000000110: 66 83 68
000000110: 66 83 67
000000110: 66 82 68
000000110: 66 82 67
000100010: 66 68 69
000000110: 66 68 67
000100010: 68 69 93
000100010: 68 69 70
000000110: 69 93 70
