000100100: 4 42 6
000100100: 4 42 5
000000110: 5 42 17
000000110: 5 42 9
000100110: 5 42 6
000100100: 5 17 16
000100100: 5 17 10
000000110: 5 17 9
000000110: 5 17 6
000000110: 5 9 6
000100010: 5 6 28
000100010: 5 6 8
000100010: 5 6 7
000000110: 6 42 28
000000110: 6 42 8
000000110: 6 42 7
000100100: 6 28 22
000000110: 6 28 8
000100110: 6 28 7
000100010: 6 8 19
000100010: 6 8 18
000100010: 6 8 16
000100010: 6 8 14
000100010: 6 8 11
000100010: 6 8 10
000100110: 6 8 7
000100010: 6 7 16
000100100: 7 28 22
000000110: 7 28 16
000000110: 7 28 8
000100010: 7 16 37
000100010: 7 16 33
000100010: 7 16 32
000100010: 7 16 17
000100100: 7 16 15
000100100: 7 16 14
000100110: 7 16 8
000100010: 7 8 19
000100010: 7 8 18
000100010: 7 8 14
000100010: 7 8 11
000100010: 7 8 10
000100010: 8 19 43
000000110: 8 19 18
000000110: 8 19 16
000000110: 8 19 14
000000110: 8 19 11
000000110: 8 19 10
000100100: 8 18 13
000100100: 8 18 12
000000110: 8 18 16
000100110: 8 18 14
000100110: 8 18 11
000100110: 8 18 10
000100010: 8 16 37
000100010: 8 16 33
000100010: 8 16 32
000100010: 8 16 17
000100100: 8 16 15
000100110: 8 16 14
000000110: 8 16 11
000000110: 8 16 10
000100010: 8 14 36
000100100: 8 14 13
000100100: 8 14 12
000000110: 8 14 11
000100110: 8 14 10
000100010: 8 11 12
000100110: 8 11 10
000100010: 8 10 17
000100010: 8 10 13
000100010: 8 10 12
000000110: 10 18 17
000100110: 10 18 14
000100110: 10 18 13
000100110: 10 18 12
000100110: 10 18 11
000100100: 10 17 16
000000110: 10 17 14
000000110: 10 17 13
000000110: 10 17 12
000000110: 10 17 11
000100010: 10 14 36
000100010: 10 14 16
000100110: 10 14 13
000100110: 10 14 12
000000110: 10 14 11
000100010: 10 13 32
000100010: 10 13 15
000100110: 10 13 12
000000110: 10 13 11
000100110: 10 12 11
000100100: 11 18 14
000100100: 11 18 13
000100110: 11 18 12
000100010: 11 12 14
000100010: 11 12 13
000100110: 12 18 14
000100110: 12 18 13
000100010: 12 14 36
000100010: 12 14 16
000100110: 12 14 13
000100010: 12 13 32
000100010: 12 13 15
000100100: 13 32 16
000000110: 13 32 18
000000110: 13 32 15
000000110: 13 32 14
000000110: 13 18 15
000100110: 13 18 14
000100010: 13 15 37
000100010: 13 15 16
000000110: 13 15 14
000100010: 13 14 36
000100010: 13 14 16
000000110: 14 36 18
000000110: 14 36 16
000000110: 14 18 16
000100010: 14 16 37
000100010: 14 16 33
000100010: 14 16 32
000100010: 14 16 17
000100100: 14 16 15
000100110: 15 37 16
000100010: 15 16 33
000100010: 15 16 32
000100010: 15 16 17
000000110: 16 37 33
000000110: 16 37 32
000000110: 16 37 17
000000110: 16 33 32
000000110: 16 33 17
000000110: 16 32 17
000100100: 19 43 20
000100010: 21 22 28
000100010: 21 22 27
000000110: 22 28 27
000100100: 22 27 23
000000110: 23 39 30
000000110: 23 39 27
000000110: 23 39 26
000000110: 23 39 24
000000110: 23 30 27
000000110: 23 30 26
000000110: 23 30 24
000000110: 23 27 26
000000110: 23 27 24
000000110: 23 26 24
000100010: 23 24 25
