2 44 1
78 84 1
75 74 1
89 90 1
37 38 1
40 39 1
6 82 1
29 64 1
51 24 1
26 84 1
8 9 1
66 64 1
35 36 1
4 5 1
18 62 1
49 50 1
10 9 1
85 84 1
22 84 1
3 2 1
45 44 1
26 81 1
22 80 1
48 88 1
6 7 1
46 44 1
24 84 1
6 60 1
16 17 1
18 17 1
63 64 1
26 27 1
87 84 1
6 19 1
22 56 1
26 69 1
57 58 1
77 78 1
50 56 1
13 14 1
41 42 1
70 71 1
6 20 1
6 30 1
6 52 1
24 23 1
43 68 1
40 54 1
6 25 1
67 68 1
6 34 1
65 64 1
86 84 1
6 76 1
26 47 1
31 32 1
24 47 1
28 29 1
73 74 1
59 58 1
6 72 1
46 68 1
6 33 1
6 1 1
61 62 1
43 44 1
21 38 1
17 39 1
53 54 1
22 47 1
